15894671968
15909821426
15883577079
15900126938
15903809576
15894794782
15894162759
15898666567
15902187307
15901019244
15926135806
15874720776
15909233305
15894727247
15888786692
15907149611
15891802777
15892781903
15907007798
15903778429
15909580241
15902305661
15903981881
15900927036
15905380835
15902297305
15902588446
15900745497
15901913250
15901873857
15883977038
15911250538
15909032549
15901006039
15902458658
15886852609
15905550034
15921773230
15894820685
15910157746
15847776769
15866435231
15902387408
15856465465
15868300551
15860417578
15893711297
15892978962
15867055768
15855570820
