17661269937
17665066054
17655690102
17668628476
17661479075
17657596158
17660859015
17671863342
17665744765
17656759559
17657008018
17656839151
17662927133
17660688121
17661105683
17649711663
17653626537
17658597301
17663765835
17656842573
17656968286
17658037566
17657415424
17663589354
17662641070
17665786636
17659469567
17654302018
17661392324
17664445231
17656180735
17655109448
17651500986
17662008682
17655103241
17659031976
17659597079
17672044601
17668456622
17669943506
17658057020
17655406007
17671147861
17666521864
17663012737
17667992843
17669657586
17655042498
17653883676
17662986437
