15260554917
15226869740
15228025996
14453085601
14445774440
15260783370
15286232474
15260455488
15259184138
15253339426
15267713440
15242219818
15230370844
15249325691
15210196918
15242943811
15280903291
14448504811
15252858099
15201050780
15272430388
15239639311
15243329671
15235829132
15234092626
15247625828
15235679768
15236018687
15227688893
15279388065
15292788170
15233661453
15255529207
15212827582
15231989927
15230914323
15189383724
15243121827
14440941876
15234659155
15236946934
15237090650
15314924792
15236848762
15227567642
15238635953
15247739375
15242055121
15222731509
15261989364
